E_1 / keV	N_1
-0.07	0
-0.03	0
0	0
0.03	0
0.06	0
0.1	0
0.13	12
0.16	2
0.19	1
0.23	0
0.26	0
0.29	8
0.32	0
0.36	0
0.39	0
0.42	0
0.45	0
0.49	0
0.52	0
0.55	0
0.58	0
0.61	0
0.65	0
0.68	0
0.71	0
0.74	0
0.78	0
0.81	0
0.84	0
0.87	0
0.91	0
0.94	0
0.97	0
1	0
1.04	0
1.07	0
1.1	0
1.13	0
1.17	0
1.2	0
1.23	0
1.26	0
1.3	0
1.33	0
1.36	0
1.39	0
1.43	0
1.46	1
1.49	0
1.52	1
1.56	0
1.59	2
1.62	1
1.65	1
1.69	2
1.72	2
1.75	0
1.78	1
1.82	3
1.85	0
1.88	6
1.91	5
1.95	4
1.98	9
2.01	15
2.04	5
2.08	3
2.11	15
2.14	9
2.17	7
2.21	16
2.24	16
2.27	23
2.3	17
2.34	13
2.37	19
2.4	23
2.43	30
2.47	14
2.5	15
2.53	29
2.56	32
2.6	17
2.63	23
2.66	17
2.69	27
2.73	19
2.76	29
2.79	27
2.82	28
2.85	22
2.89	13
2.92	24
2.95	27
2.98	21
3.02	28
3.05	25
3.08	26
3.11	23
3.15	26
3.18	19
3.21	22
3.24	21
3.28	19
3.31	26
3.34	15
3.37	17
3.41	21
3.44	23
3.47	17
3.5	22
3.54	22
3.57	30
3.6	17
3.63	22
3.67	26
3.7	31
3.73	28
3.76	16
3.8	21
3.83	25
3.86	26
3.89	25
3.93	27
3.96	35
3.99	26
4.02	27
4.06	23
4.09	28
4.12	30
4.15	26
4.19	33
4.22	27
4.25	27
4.28	35
4.32	28
4.35	27
4.38	35
4.41	34
4.45	30
4.48	24
4.51	35
4.54	32
4.58	30
4.61	29
4.64	27
4.67	43
4.71	23
4.74	26
4.77	44
4.8	31
4.84	31
4.87	37
4.9	35
4.93	31
4.97	36
5	40
5.03	32
5.06	38
5.09	39
5.13	36
5.16	40
5.19	30
5.22	33
5.26	29
5.29	36
5.32	31
5.35	24
5.39	45
5.42	42
5.45	38
5.48	25
5.52	37
5.55	32
5.58	48
5.61	42
5.65	41
5.68	43
5.71	39
5.74	37
5.78	52
5.81	40
5.84	39
5.87	40
5.91	51
5.94	49
5.97	44
6	56
6.04	52
6.07	48
6.1	46
6.13	50
6.17	47
6.2	44
6.23	64
6.26	52
6.3	52
6.33	55
6.36	54
6.39	62
6.43	59
6.46	77
6.49	74
6.52	49
6.56	58
6.59	52
6.62	46
6.65	54
6.69	48
6.72	62
6.75	48
6.78	68
6.82	67
6.85	66
6.88	49
6.91	73
6.95	61
6.98	57
7.01	53
7.04	68
7.08	66
7.11	60
7.14	57
7.17	65
7.21	58
7.24	67
7.27	90
7.3	76
7.33	81
7.37	72
7.4	95
7.43	123
7.46	142
7.5	181
7.53	223
7.56	296
7.59	411
7.63	578
7.66	683
7.69	938
7.72	1226
7.76	1606
7.79	2012
7.82	2344
7.85	2660
7.89	3029
7.92	3444
7.95	3676
7.98	3854
8.02	3878
8.05	3984
8.08	3912
8.11	3712
8.15	3507
8.18	3220
8.21	3052
8.24	2771
8.28	2418
8.31	2381
8.34	2175
8.37	2140
8.41	2132
8.44	2086
8.47	2020
8.5	2163
8.54	2123
8.57	2099
8.6	2056
8.63	2220
8.67	2105
8.7	2108
8.73	2008
8.76	1904
8.8	1788
8.83	1702
8.86	1454
8.89	1376
8.93	1265
8.96	1113
8.99	964
9.02	915
9.06	744
9.09	596
9.12	493
9.15	410
9.19	354
9.22	265
9.25	219
9.28	206
9.32	141
9.35	125
9.38	147
9.41	128
9.45	116
9.48	104
9.51	103
9.54	74
9.57	89
9.61	79
9.64	86
9.67	67
9.7	70
9.74	73
9.77	46
9.8	54
9.83	43
9.87	29
9.9	32
9.93	33
9.96	28
10	23
10.03	22
10.06	23
10.09	20
10.13	16
10.16	14
10.19	21
10.22	15
10.26	18
10.29	19
10.32	17
10.35	9
10.39	18
10.42	14
10.45	17
10.48	7
10.52	15
10.55	14
10.58	14
10.61	11
10.65	10
10.68	12
10.71	10
10.74	10
10.78	6
10.81	13
10.84	10
10.87	14
10.91	6
10.94	15
10.97	10
11	14
11.04	11
11.07	12
11.1	14
11.13	7
11.17	14
11.2	10
11.23	11
11.26	16
11.3	8
11.33	13
11.36	6
11.39	23
11.43	11
11.46	17
11.49	14
11.52	9
11.56	9
11.59	17
11.62	8
11.65	11
11.69	20
11.72	16
11.75	9
11.78	6
11.81	19
11.85	17
11.88	19
11.91	22
11.94	22
11.98	25
12.01	17
12.04	22
12.07	22
12.11	29
12.14	19
12.17	20
12.2	31
12.24	26
12.27	28
12.3	47
12.33	37
12.37	32
12.4	49
12.43	37
12.46	47
12.5	48
12.53	52
12.56	39
12.59	44
12.63	47
12.66	52
12.69	47
12.72	44
12.76	34
12.79	38
12.82	34
12.85	55
12.89	49
12.92	44
12.95	38
12.98	45
13.02	42
13.05	28
13.08	35
13.11	33
13.15	31
13.18	33
13.21	36
13.24	32
13.28	32
13.31	32
13.34	33
13.37	25
13.41	28
13.44	24
13.47	17
13.5	27
13.54	22
13.57	19
13.6	14
13.63	17
13.67	14
13.7	14
13.73	9
13.76	17
13.8	14
13.83	13
13.86	14
13.89	10
13.93	14
13.96	11
13.99	9
14.02	7
14.05	12
14.09	12
14.12	12
14.15	9
14.18	12
14.22	9
14.25	11
14.28	8
14.31	8
14.35	11
14.38	13
14.41	13
14.44	6
14.48	15
14.51	10
14.54	9
14.57	9
14.61	8
14.64	11
14.67	18
14.7	5
14.74	12
14.77	8
14.8	14
14.83	11
14.87	11
14.9	8
14.93	13
14.96	10
15	14
15.03	13
15.06	9
15.09	10
15.13	10
15.16	10
15.19	7
15.22	13
15.26	13
15.29	17
15.32	18
15.35	15
15.39	8
15.42	12
15.45	9
15.48	12
15.52	10
15.55	5
15.58	13
15.61	8
15.65	12
15.68	10
15.71	7
15.74	17
15.78	18
15.81	12
15.84	17
15.87	16
15.91	5
15.94	13
15.97	15
16	23
16.04	10
16.07	20
16.1	9
16.13	8
16.17	19
16.2	12
16.23	17
16.26	7
16.29	15
16.33	14
16.36	13
16.39	10
16.42	14
16.46	11
16.49	12
16.52	306
